$ANSIBLE_VAULT;1.1;AES256
61653134373636393464396330303063643635366532663166316561656539646634306164643562
3165346435666362376334643561323238313661313633350a646633643439343662313333343163
35356465343763383366353533656630616230666230353634383331346637663731636634373961
3138303863393961630a303361396166653130323865373662646265376663383837353834383038
39353533616237663632656565623736613436353464623564363638316636666230336665383837
36393666663330646532646264306234336532353134646265383238313364353965633433613635
63383937303133666237393632326664613266353333383563323635356565323631613430393031
35393736313663626134633333396662396636346365616263653538313136326564386237646639
66343363613064623062663432363264623438356330656661393031373637636663313932393633
62306263613162393632623335663263656332613836363130316231393535636231363266313736
31336436646565636435333831656236623136356261646665643866313739636263643432346135
34636536396333636331383536313563393466653030633638323064646164636563623664366330
34313162356666383061303530383162363365633361306235616535336235376532663034363662
39346535613331643436623333663634633331396439653966356365386533353934633337353235
61313836333262636461333732323432386137656632663733333539306437616537653338313534
33653762633734616137393230316431653066633237336539666264373939636138373835636432
32333563356565646162333131373537313733376531353163613366333134646330613762616264
39303330393263356438363538346637306562316165343964383638633830353338393661656632
33353438653866316162303731353963653939656563383836623666333336633531646536616233
65313536356661333535616431306161663633623066313531666539623432333730313634636130
34356434653236303731643561646166333131386666663134636633633366633234376138366464
61383366313662613435396534663733353466313835323330663265633764636465316263393661
35343366373431383730323566326438653665653335336331343366306566623831356233346537
63366331363136643235323436353834623036316631653431303639376362383664633239313166
30383765613661626134316637636538653039333064326130303636646637393830643364336161
35373730653732393366343130383935386330663065376462386134396433386663356130346565
36313465366431633234643666346339323735323564373135646133616666396436336461643838
30626231353538636665336331653264633035656231343761366333353965653263313331373838
65623162396264346561396461333264383730613739326532623532346663626339646638373637
36633137663963343163636530656335373932316433366639346232326365306661373265323961
39396136366363303463393163633565373736316562643734613562653236663664633363646134
34313239376337646435396633376362643334313534323030323562366331383330643034653766
61353732633832646366333164323738643338656231633331316335613639393765393135633166
34346663613662316238643239633735303063346635643265363162633166353666316264376266
35326534313132383930313663376632653735313830313262616338613130663839386332383637
38353363343862613766396530386330343432616635633832306333346264333930353861623662
30303862346633326334653036663662663631346161346632646234353934313031306332363733
62313332336662653464613135386637663130366335363439306232663435653163356161326638
32313266633936313266373033303061666338666164666664396436626635373061353162643936
32636131303936343565326337646330313066643036356165336431393334346336333561643731
31323032663935636165376261343430613630666633613733646431316663393537396133393736
65356664393565363632326230383965306365363432303761323030396637333034386463363764
33363131346563386130326662373237306435643663623866336434313766386336306662323761
39336263316564393831323832323862306162353065323262363836613332613838376438616339
38633338613631353137396132623065303833376131366333396134376661663832353563363838
31353166663134393131613936333732363331353565306230353339323832353463356365646461
62643962616261326437383932383132326435306565383964666138346138653663343932373165
34353433323935623031346165393832363337626137323166643736643562643636656637316564
34626163613931643537303561336436646239343330303634386635323436616265393431366435
38663533643666646464616135626137666635333965316165393830643963356462356138336265
66393731376562323463373763356239623537653366666162343562623531653664346338346533
61643066343265633237653839633136366236353664633661626539663333323666303832623839
36643166353739353637303339353430366531306339323861303736363736623361636531373562
34393164616337643666623264396362363934343866613932396264366533646239613331373737
66316365326436633063656532353536393538343666646131653131353736323166373934386266
31653034373436353364356134313138646663323663336662376163663033366433363365316337
63363039653536343739343531666663336364623535343234633464363830616437336332303837
30333263363331613636313337616663636132343532633838633837633736353039633633303136
64653833396462396130366263616133623135663830313961313864636633363433613963383730
32613733303564636130316533366165646535336331316131366461313736326131363161646632
36373566333863313637363163383139633232646366303266396537383361653038346262643331
64383837386338626639376330383431373564663466613864393063306538613735366330336230
33316635383137623132633230356462373132343039663035303534646137373833393035303731
66313430383161626435393166653066626634653537306333633461373565636638366361653532
34613737623764323964393162313063383937303466633166323534646236643338616237393433
38386132613261633637323430383732346265353565336562316133363737663533336364666163
39653934386565363938616466666133373839613362616465623533373339313966633535386361
65393366353030313836633637343235656536303065363335616462613266386163613763373435
66383731336238306332633563353432636131663166393866393266626164346639366161393066
65633062366637336565623561613834393335363733303431366433643835306538613062616535
64306463306432353138333634633839653333343832613134653335353739656232636230386365
33636564643166333937303939333331613533626338623666326631663862373532656633336430
39363566626538626130616364353366633962663065626335303462363661366463336435366163
32663637323561323233383730393430343861316536373664373732306562333065366230323334
33623432353133633134643063396530663630396432613336646663323637313163633836353135
65663661316463623435326135653337623138336131623161633962306136333831306432363830
35366266653763323765343933313562313739653761333934383230643830643166613430653363
33313431663263646238306161323235316564306635323834663433656330396361373163313233
39306162396631336334633766336465333434353130333635643966363839333166346439643235
62303466376563373131626338643237326666373838396239386332393634656134353466613262
61623865303831366261333236373330366161626432393839396537643266623539616139353435
6437633037663036393533383330346337323436663937343537
